1875613 4199913
1875614 16502044
1875616 2920020
1875615 15879229
1875613 4199912
1875613 4199912
1875613 4199912
1875613 4199912
1875613 4199912
1875613 4199912
1875613 4199912
1875613 4199912
1875613 4199912
1875613 4199912
1875613 4199912
1875613 4199912
1875613 4199912
1875613 4199912
1875613 4199912
1875613 4199912
1875613 4199912
1875613 4199912
1875613 4199912
1875613 4199912
1875613 4199912
1875613 4199912
1875613 4199912
1875613 4199912
1875613 4199912
1875613 4199912
1875613 4199912
1875613 4199912
1875613 4199912
1875613 4199912
1875613 4199912
1875613 4199912
1875613 4199912
1875613 4199912
1875613 4199912
1875613 4199912
1875613 4199912
1875613 4199912
1875613 4199912
1875613 4199912
1875613 4199912
1875613 4199912
1875613 4199912
1875613 4199912
1875613 4199912
1875613 4199912
1875613 4199912
1875613 4199912
1875613 4199912
1875613 4199912
1875613 4199912
1875613 4199912
1875613 4199912
1875613 4199912
1875613 4199912
1875613 4199912
1875613 4199912
1875613 4199912
1875613 4199912
1875613 4199912
1875613 4199912
1875613 4199912
1875613 4199912
1875613 4199912
1875613 4199912
1875613 4199912
1875613 4199912
1875613 4199912
1875613 4199912
1875613 4199912
1875613 4199912
1875613 4199912
1875613 4199912
1875613 4199912
1875613 4199912
1875613 4199912
1875613 4199912
1875613 4199912
1875613 4199912
1875613 4199912
1875613 4199912
1875613 4199912
1875613 4199912
1875613 4199912
1875613 4199912
1875613 4199912
1875613 4199912
1875613 4199912
1875613 4199912
1875613 4199912
1875613 4199912
1875613 4199912
1875613 4199912
1875613 4199912
1875613 4199912
1875613 4199912
1875613 4199912
1875613 4199912
1875613 4199912
1875613 4199912
1875613 4199912
1875613 4199912
1875613 4199912
1875613 4199912
1875613 4199912
1875613 4199912
1875613 4199912
1875613 4199912
1875613 4199912
1875613 4199912
1875613 4199912
1875613 4199912
1875613 4199912
1875613 4199912
1875613 4199912
1875613 4199912
1875613 4199912
1875613 4199912
1875613 4199912
1875613 4199912
1875613 4199912
1875613 4199912
1875613 4199912
1875613 4199912
1875613 4199912
1875613 4199912
1875613 4199912
1875613 4199912
1875613 4199912
1875613 4199912
1875613 4199912
1875613 4199912
1875613 4199912
1875613 4199912
1875613 4199912
1875613 4199912
1875613 4199912
1875613 4199912
1875613 4199912
1875613 4199912
1875613 4199912
1875619 4199912
1875619 4199912
1875619 4199912
1875619 4199912
1875619 4199912
1875610 4199912
1875610 4199912
1875610 4199912
1875610 4199912
1875610 4199912
